기간	자치구	동	일반가구	일반가구	일반가구	일반가구	일반가구	일반가구	일반가구	일반가구
기간	자치구	동	계	1인가구	2인가구	3인가구	4인가구	5인가구	6인가구	7인이상 가구
2020	합계	합계	3,982,290	1,390,701	1,033,901	792,690	602,791	130,122	25,770	6,315
2020	종로구	소계	63,414	25,983	16,281	10,882	7,679	2,027	440	122
2020	종로구	사직동	3,839	1,487	1,073	701	432	112	28	6
2020	종로구	삼청동	1,031	380	295	189	112	39	11	5
2020	종로구	부암동	3,773	1,129	1,089	772	552	176	39	16
2020	종로구	평창동	6,265	1,302	1,891	1,500	1,156	337	62	17
2020	종로구	무악동	2,883	494	792	744	657	169	20	7
2020	종로구	교남동	4,106	1,219	1,187	917	646	113	21	X
2020	종로구	가회동	1,733	631	468	343	228	45	13	5
2020	종로구	종로1.2.3.4가동	3,636	2,371	770	274	163	41	13	X
2020	종로구	종로5·6가동	2,692	1,608	577	288	149	55	10	5
2020	종로구	이화동	3,883	2,094	910	469	308	78	19	5
2020	종로구	창신1동	2,340	1,069	659	338	191	70	11	X
2020	종로구	창신2동	3,484	1,288	984	626	425	123	28	10
2020	종로구	창신3동	2,598	613	786	653	421	102	20	X
2020	종로구	숭인1동	2,622	1,007	749	473	289	78	20	6
2020	종로구	숭인2동	5,065	2,988	1,080	539	357	80	16	5
2020	종로구	청운효자동	4,659	1,378	1,252	964	806	200	49	10
2020	종로구	혜화동	8,805	4,925	1,719	1,092	787	209	60	13
2020	중구	소계	55,093	22,818	14,978	9,301	6,134	1,425	352	85
2020	중구	소공동	925	435	244	160	70	12	X	X
2020	중구	회현동	2,010	867	577	307	198	50	9	X
2020	중구	명동	1,061	581	258	130	65	20	X	6
2020	중구	필동	1,906	1,020	485	221	127	39	11	X
2020	중구	장충동	2,628	1,509	565	274	206	61	13	X
2020	중구	광희동	2,559	1,391	676	280	163	34	12	X
2020	중구	을지로동	1,114	781	230	57	36	7	X	X
2020	중구	신당5동	4,949	2,182	1,313	773	522	126	25	8
2020	중구	황학동	6,213	2,963	1,649	908	527	126	35	5
2020	중구	중림동	4,976	1,627	1,390	1,065	719	136	29	10
2020	중구	신당동	4,028	2,223	944	481	285	68	24	X
2020	중구	다산동	6,264	2,466	1,761	1,054	745	172	52	14
2020	중구	약수동	6,925	2,054	2,209	1,504	918	189	43	8
2020	중구	청구동	5,764	1,924	1,631	1,173	797	194	36	9
2020	중구	동화동	3,771	795	1,046	914	756	191	56	13
2020	용산구	소계	95,714	36,881	25,941	17,655	11,733	2,812	565	127
2020	용산구	후암동	7,283	2,800	1,941	1,344	895	239	48	16
2020	용산구	용산2가동	4,502	1,911	1,270	769	411	117	20	X
2020	용산구	남영동	3,789	2,382	759	364	206	68	9	X
2020	용산구	원효로2동	5,443	1,601	1,481	1,195	916	196	39	15
2020	용산구	효창동	3,922	1,082	1,136	854	650	157	33	10
2020	용산구	용문동	4,937	1,576	1,392	1,079	692	162	32	X
2020	용산구	이촌1동	8,975	1,212	2,594	2,621	2,052	403	79	14
2020	용산구	이촌2동	3,302	803	1,102	812	442	119	20	X
2020	용산구	이태원1동	3,105	1,479	845	471	226	61	19	X
2020	용산구	이태원2동	4,144	1,874	1,139	632	359	109	26	5
2020	용산구	서빙고동	4,701	1,178	1,330	1,023	872	251	43	X
2020	용산구	보광동	6,643	3,121	1,750	997	593	150	26	6
2020	용산구	청파동	9,829	5,218	2,251	1,244	839	202	61	14
2020	용산구	원효로1동	6,919	2,735	1,861	1,296	841	154	28	X
2020	용산구	한강로동	8,785	3,755	2,434	1,463	901	181	43	8
2020	용산구	한남동	9,435	4,154	2,656	1,491	838	243	39	14
2020	성동구	소계	122,186	42,585	32,368	25,023	17,568	3,655	781	206
2020	성동구	왕십리2동	6,925	2,275	1,859	1,445	1,061	216	52	17
2020	성동구	마장동	9,719	3,674	2,511	1,748	1,362	318	83	23
2020	성동구	사근동	7,150	4,754	1,167	647	418	133	25	6
2020	성동구	행당1동	5,748	1,930	1,522	1,192	883	175	32	14
2020	성동구	행당2동	8,747	1,764	2,625	2,190	1,761	315	77	15
2020	성동구	응봉동	5,497	1,053	1,458	1,505	1,173	253	48	7
2020	성동구	금호1가동	6,045	1,538	1,771	1,512	950	219	48	7
2020	성동구	금호4가동	5,812	1,624	1,698	1,437	861	157	23	12
2020	성동구	성수1가1동	6,937	2,435	1,889	1,325	1,056	186	36	10
2020	성동구	성수1가2동	6,102	2,499	1,524	1,100	778	167	27	7
2020	성동구	성수2가1동	7,425	2,990	1,981	1,329	883	189	43	10
2020	성동구	성수2가3동	4,888	2,091	1,221	806	590	137	34	9
2020	성동구	송정동	5,057	2,305	1,224	817	531	140	36	X
2020	성동구	용답동	5,876	3,111	1,349	745	496	136	30	9
2020	성동구	왕십리도선동	10,999	3,632	2,799	2,390	1,769	316	74	19
2020	성동구	금호2.3가동	9,185	2,519	2,705	2,196	1,407	281	54	23
2020	성동구	옥수동	10,074	2,391	3,065	2,639	1,589	317	59	14
2020	광진구	소계	152,090	62,301	36,380	27,174	20,794	4,354	846	241
2020	광진구	화양동	16,621	12,704	2,435	827	516	103	26	10
2020	광진구	군자동	10,235	5,546	2,181	1,333	897	217	45	16
2020	광진구	중곡1동	7,345	3,282	1,922	1,186	738	170	36	11
2020	광진구	중곡2동	9,615	3,780	2,545	1,702	1,225	286	61	16
2020	광진구	중곡3동	7,555	3,144	2,008	1,296	854	213	36	X
2020	광진구	중곡4동	11,930	3,747	3,366	2,560	1,760	390	83	24
2020	광진구	능동	6,044	3,251	1,407	748	481	126	27	X
2020	광진구	구의1동	11,002	5,591	2,563	1,570	967	235	65	11
2020	광진구	구의2동	10,455	3,049	2,802	2,284	1,802	411	81	26
2020	광진구	구의3동	11,111	3,110	2,871	2,559	2,093	394	63	21
2020	광진구	광장동	11,150	1,501	2,244	3,233	3,482	584	85	21
2020	광진구	자양1동	10,495	4,616	2,642	1,686	1,217	270	49	15
2020	광진구	자양2동	10,163	3,098	2,678	2,277	1,669	352	62	27
2020	광진구	자양3동	10,044	2,131	2,587	2,570	2,253	400	81	22
2020	광진구	자양4동	8,325	3,751	2,129	1,343	840	203	46	13
2020	동대문구	소계	150,373	60,925	36,819	27,120	19,528	4,653	1,062	266
2020	동대문구	회기동	6,328	4,044	1,103	583	451	119	21	7
2020	동대문구	휘경1동	6,643	3,336	1,391	987	720	164	39	6
2020	동대문구	휘경2동	10,915	4,785	2,335	1,855	1,497	336	81	26
2020	동대문구	청량리동	8,652	3,236	2,517	1,541	1,018	281	48	11
2020	동대문구	용신동	15,702	8,464	3,551	2,035	1,273	279	71	29
2020	동대문구	제기동	11,662	5,399	2,959	1,798	1,120	303	65	18
2020	동대문구	전농1동	13,584	5,814	3,212	2,419	1,667	370	79	23
2020	동대문구	전농2동	7,163	1,691	2,044	1,701	1,302	328	79	18
2020	동대문구	답십리2동	11,756	3,448	3,396	2,573	1,818	409	97	15
2020	동대문구	장안1동	15,931	5,502	4,191	3,234	2,276	566	133	29
2020	동대문구	장안2동	12,363	3,212	3,275	2,947	2,306	464	134	25
2020	동대문구	이문1동	9,934	5,774	1,856	1,130	886	217	59	12
2020	동대문구	이문2동	8,173	2,503	2,120	1,740	1,366	347	74	23
2020	동대문구	답십리1동	11,567	3,717	2,869	2,577	1,828	470	82	24
2020	중랑구	소계	164,832	56,605	45,576	32,612	23,295	5,344	1,107	293
2020	중랑구	면목2동	10,689	3,974	2,905	2,009	1,377	337	69	18
2020	중랑구	면목4동	7,843	2,678	2,240	1,554	1,049	259	45	18
2020	중랑구	면목5동	5,707	1,540	1,665	1,341	943	181	29	8
2020	중랑구	면목7동	9,479	3,294	2,768	1,856	1,217	259	67	18
2020	중랑구	상봉1동	9,424	2,377	2,578	2,206	1,851	331	68	13
2020	중랑구	상봉2동	10,267	5,309	2,646	1,344	758	163	38	9
2020	중랑구	중화1동	8,117	2,353	2,407	1,758	1,266	254	60	19
2020	중랑구	중화2동	12,182	5,455	3,256	1,987	1,131	282	52	19
2020	중랑구	묵1동	13,560	3,741	3,588	3,091	2,406	593	107	34
2020	중랑구	묵2동	8,356	3,049	2,268	1,646	1,055	261	64	13
2020	중랑구	망우3동	7,359	2,695	2,045	1,426	927	215	43	8
2020	중랑구	신내1동	13,646	2,426	3,753	3,226	3,128	896	172	45
2020	중랑구	신내2동	8,454	2,273	2,548	1,946	1,376	256	48	7
2020	중랑구	면목본동	15,626	6,360	4,292	2,734	1,760	374	86	20
2020	중랑구	면목3.8동	11,263	4,347	3,099	2,085	1,369	277	66	20
2020	중랑구	망우본동	12,860	4,734	3,518	2,403	1,682	406	93	24
2020	성북구	소계	179,660	61,510	45,693	36,539	27,954	6,373	1,272	319
2020	성북구	돈암1동	5,808	1,385	1,788	1,348	1,006	219	51	11
2020	성북구	돈암2동	8,111	1,188	2,100	2,316	1,980	427	78	22
2020	성북구	안암동	9,264	5,964	1,688	870	584	126	26	6
2020	성북구	보문동	7,147	3,011	1,713	1,321	877	196	21	8
2020	성북구	정릉1동	7,051	1,819	1,800	1,706	1,354	294	63	15
2020	성북구	정릉2동	8,957	2,284	2,593	2,116	1,509	359	78	18
2020	성북구	정릉3동	7,188	3,255	1,852	1,103	735	199	32	12
2020	성북구	정릉4동	9,865	2,659	2,837	2,245	1,647	383	76	18
2020	성북구	길음1동	11,850	1,721	2,694	3,298	3,380	627	108	22
2020	성북구	길음2동	6,401	1,666	1,664	1,564	1,174	270	51	12
2020	성북구	월곡1동	9,989	2,454	2,649	2,383	1,934	454	95	20
2020	성북구	월곡2동	8,962	3,767	2,175	1,523	1,139	286	57	15
2020	성북구	장위1동	8,056	2,487	2,286	1,676	1,230	300	58	19
2020	성북구	장위2동	5,870	2,030	1,720	1,150	720	196	44	10
2020	성북구	장위3동	6,759	1,839	1,745	1,582	1,259	274	49	11
2020	성북구	성북동	7,285	2,945	1,982	1,247	795	237	57	22
2020	성북구	삼선동	10,777	4,790	2,551	1,673	1,345	319	78	21
2020	성북구	동선동	8,633	5,186	1,684	965	607	149	36	6
2020	성북구	종암동	16,268	5,568	3,939	3,316	2,693	604	116	32
2020	성북구	석관동	15,419	5,492	4,233	3,137	1,986	454	98	19
2020	강북구	소계	129,805	45,685	36,432	25,261	17,339	4,048	836	204
2020	강북구	번1동	9,248	4,380	2,375	1,368	885	198	37	5
2020	강북구	번2동	6,986	2,250	2,237	1,408	833	201	51	6
2020	강북구	번3동	7,142	2,002	2,295	1,529	1,023	250	32	11
2020	강북구	수유1동	9,166	3,467	2,620	1,643	1,080	282	64	10
2020	강북구	수유2동	8,720	2,674	2,672	1,795	1,201	302	59	17
2020	강북구	수유3동	11,500	5,632	2,811	1,728	1,012	256	49	12
2020	강북구	삼양동	9,825	3,023	2,891	1,998	1,447	363	81	22
2020	강북구	미아동	10,522	4,807	2,685	1,675	1,052	239	48	16
2020	강북구	송중동	12,647	4,548	3,369	2,499	1,713	415	83	20
2020	강북구	송천동	11,934	4,508	3,338	2,202	1,465	343	67	11
2020	강북구	삼각산동	11,035	2,021	2,663	2,948	2,741	530	102	30
2020	강북구	우이동	8,286	2,436	2,586	1,749	1,159	279	62	15
2020	강북구	인수동	12,794	3,937	3,890	2,719	1,728	390	101	29
2020	도봉구	소계	127,362	34,884	37,166	28,658	21,089	4,478	856	231
2020	도봉구	쌍문1동	8,698	2,489	2,565	1,919	1,313	321	73	18
2020	도봉구	쌍문2동	7,935	2,457	2,376	1,659	1,152	228	46	17
2020	도봉구	쌍문3동	7,363	2,761	1,943	1,458	954	199	38	10
2020	도봉구	쌍문4동	6,768	1,238	1,827	1,799	1,575	277	45	7
2020	도봉구	방학1동	11,541	3,502	3,281	2,386	1,832	443	80	17
2020	도봉구	방학2동	8,473	2,768	2,612	1,647	1,114	255	63	14
2020	도봉구	방학3동	9,537	1,399	2,811	2,557	2,201	457	95	17
2020	도봉구	창1동	10,103	2,919	2,875	2,289	1,653	298	53	16
2020	도봉구	창2동	11,418	2,889	3,391	2,661	1,935	429	88	25
2020	도봉구	창3동	5,919	1,901	1,717	1,225	828	202	35	11
2020	도봉구	창4동	9,984	2,256	2,729	2,458	2,075	389	61	16
2020	도봉구	창5동	9,554	2,347	2,699	2,340	1,740	347	66	15
2020	도봉구	도봉1동	9,137	3,023	2,976	1,762	1,056	245	47	28
2020	도봉구	도봉2동	10,932	2,935	3,364	2,498	1,661	388	66	20
2020	노원구	소계	202,695	56,438	54,201	45,680	37,794	7,101	1,209	272
2020	노원구	월계1동	9,576	3,440	2,542	1,799	1,413	314	55	13
2020	노원구	월계2동	11,385	3,531	3,296	2,484	1,636	360	69	9
2020	노원구	월계3동	12,265	3,359	3,696	2,893	1,867	377	64	9
2020	노원구	공릉2동	15,508	4,783	3,581	3,296	3,113	597	113	25
2020	노원구	하계1동	10,616	3,265	2,623	2,273	2,032	358	48	17
2020	노원구	하계2동	7,924	1,481	2,013	2,021	2,024	333	44	8
2020	노원구	중계본동	7,869	1,105	1,631	2,054	2,443	528	86	22
2020	노원구	중계1동	8,642	1,070	1,571	2,536	2,980	439	39	7
2020	노원구	중계4동	7,865	2,081	2,132	1,763	1,519	311	44	15
2020	노원구	상계1동	14,538	3,454	4,129	3,405	2,775	631	117	27
2020	노원구	상계2동	7,961	2,415	1,945	1,692	1,524	296	72	17
2020	노원구	상계5동	10,025	3,030	2,916	2,156	1,527	323	59	14
2020	노원구	상계8동	8,738	1,954	2,463	2,311	1,728	242	32	8
2020	노원구	상계9동	7,994	1,765	2,361	2,042	1,538	238	36	14
2020	노원구	상계10동	6,248	1,431	1,967	1,517	1,153	140	31	9
2020	노원구	상계3.4동	10,884	3,275	3,309	2,209	1,621	384	67	19
2020	노원구	상계6.7동	13,044	3,524	3,646	3,071	2,361	380	52	10
2020	노원구	중계2.3동	14,359	4,119	4,302	3,158	2,321	382	69	8
2020	노원구	공릉1동	17,254	7,356	4,078	3,000	2,219	468	112	21
2020	은평구	소계	190,631	57,853	54,542	40,464	29,125	6,928	1,387	332
2020	은평구	녹번동	15,705	5,033	4,701	3,314	2,068	493	81	15
2020	은평구	불광1동	15,989	4,730	4,876	3,484	2,283	497	97	22
2020	은평구	갈현1동	9,944	3,373	2,945	1,967	1,290	287	60	22
2020	은평구	갈현2동	11,473	3,136	3,385	2,591	1,820	434	87	20
2020	은평구	구산동	11,848	2,785	3,474	2,828	2,101	544	87	29
2020	은평구	대조동	12,810	5,597	3,441	2,109	1,274	299	79	11
2020	은평구	응암1동	11,145	3,771	3,122	2,211	1,615	353	59	14
2020	은평구	응암2동	10,121	2,171	2,807	2,655	2,009	386	71	22
2020	은평구	신사1동	10,970	3,009	3,254	2,468	1,747	395	82	15
2020	은평구	신사2동	8,232	2,314	2,417	1,803	1,328	280	70	20
2020	은평구	증산동	6,166	1,736	1,867	1,316	951	237	44	15
2020	은평구	수색동	3,598	963	1,116	801	566	117	32	X
2020	은평구	진관동	19,989	4,742	4,706	4,452	4,506	1,272	257	54
2020	은평구	불광2동	12,584	4,589	3,660	2,409	1,472	366	72	16
2020	은평구	응암3동	11,289	4,431	3,268	1,966	1,244	300	61	19
2020	은평구	역촌동	18,768	5,473	5,503	4,090	2,851	668	148	35
2020	서대문구	소계	133,112	49,863	33,611	25,595	18,769	4,222	860	192
2020	서대문구	천연동	7,186	2,388	1,884	1,508	1,111	248	41	6
2020	서대문구	홍제1동	9,541	2,736	2,692	2,158	1,529	344	62	20
2020	서대문구	홍제3동	6,463	2,027	1,844	1,381	958	199	43	11
2020	서대문구	홍제2동	5,493	1,443	1,590	1,293	933	200	28	6
2020	서대문구	홍은1동	8,867	2,538	2,464	1,961	1,461	365	60	18
2020	서대문구	홍은2동	11,177	3,769	3,114	2,241	1,560	370	91	32
2020	서대문구	남가좌1동	5,402	942	1,273	1,544	1,320	268	48	7
2020	서대문구	남가좌2동	12,020	4,237	3,051	2,413	1,835	373	93	18
2020	서대문구	북가좌1동	6,483	1,172	1,840	1,691	1,406	304	63	7
2020	서대문구	북가좌2동	13,580	4,463	3,788	2,752	2,005	474	82	16
2020	서대문구	충현동	9,108	3,880	2,202	1,546	1,137	274	58	11
2020	서대문구	북아현동	6,867	2,261	1,789	1,552	1,041	178	40	6
2020	서대문구	신촌동	12,532	9,002	1,902	885	553	139	42	9
2020	서대문구	연희동	18,393	9,005	4,178	2,670	1,920	486	109	25
2020	마포구	소계	160,681	63,172	40,569	29,490	21,726	4,654	851	219
2020	마포구	용강동	8,369	2,388	2,156	1,931	1,516	306	61	11
2020	마포구	대흥동	7,321	4,027	1,625	901	619	121	21	7
2020	마포구	염리동	4,969	1,775	1,247	1,012	759	147	23	6
2020	마포구	신수동	9,523	3,184	2,419	2,004	1,531	294	67	24
2020	마포구	서교동	13,887	8,192	3,033	1,484	923	205	40	10
2020	마포구	합정동	8,280	3,699	2,318	1,300	750	172	33	8
2020	마포구	망원1동	9,328	3,829	2,587	1,521	1,062	270	50	9
2020	마포구	망원2동	7,676	2,398	2,172	1,513	1,256	276	43	18
2020	마포구	연남동	7,948	4,142	1,905	1,056	638	159	36	12
2020	마포구	성산1동	8,637	3,506	2,281	1,508	1,011	267	50	14
2020	마포구	성산2동	17,393	6,694	4,416	3,173	2,470	518	95	27
2020	마포구	상암동	12,053	3,741	2,719	2,510	2,379	601	85	18
2020	마포구	도화동	8,466	2,610	2,251	1,849	1,378	304	61	13
2020	마포구	서강동	10,845	4,380	2,521	2,056	1,537	287	53	11
2020	마포구	공덕동	16,526	6,338	4,328	3,123	2,165	461	91	20
2020	마포구	아현동	9,460	2,269	2,591	2,549	1,732	266	42	11
2020	양천구	소계	166,044	39,436	43,102	40,503	34,789	6,743	1,195	276
2020	양천구	목1동	9,943	1,189	2,066	3,092	2,999	490	88	19
2020	양천구	목2동	12,091	3,752	3,216	2,652	1,951	413	82	25
2020	양천구	목3동	9,181	2,963	2,625	1,967	1,321	230	62	13
2020	양천구	목4동	9,279	2,280	2,094	2,230	2,161	420	77	17
2020	양천구	신월1동	9,019	3,273	2,560	1,768	1,109	243	55	11
2020	양천구	신월2동	7,856	1,749	2,292	1,926	1,430	363	71	25
2020	양천구	신월3동	7,061	2,877	1,966	1,163	787	215	42	11
2020	양천구	신월4동	6,464	1,151	1,780	1,744	1,414	288	75	12
2020	양천구	신월5동	5,813	1,567	1,670	1,318	971	222	53	12
2020	양천구	신월6동	4,839	874	1,365	1,290	1,074	202	31	X
2020	양천구	신월7동	8,315	2,217	2,793	1,846	1,175	234	39	11
2020	양천구	신정1동	6,673	929	1,467	1,772	2,087	350	60	8
2020	양천구	신정2동	6,601	1,148	1,419	1,707	1,883	383	53	8
2020	양천구	신정3동	16,776	3,582	4,629	4,035	3,516	852	134	28
2020	양천구	신정6동	7,796	728	1,755	2,491	2,386	374	51	11
2020	양천구	신정7동	10,910	2,450	2,881	2,727	2,385	399	51	17
2020	양천구	목5동	12,866	1,185	2,580	4,057	4,281	650	92	21
2020	양천구	신정4동	14,561	5,522	3,944	2,718	1,859	415	79	24
2020	강서구	소계	244,097	86,172	65,175	47,721	35,598	7,673	1,416	342
2020	강서구	염창동	14,685	2,993	3,449	3,949	3,541	632	99	22
2020	강서구	등촌1동	11,958	6,021	2,753	1,739	1,196	206	33	10
2020	강서구	등촌2동	8,112	2,147	2,279	1,880	1,412	321	51	22
2020	강서구	등촌3동	14,168	5,335	4,207	2,638	1,654	270	52	12
2020	강서구	화곡본동	15,070	5,647	4,170	2,754	1,946	460	75	18
2020	강서구	화곡2동	7,552	2,322	2,206	1,605	1,072	292	46	9
2020	강서구	화곡3동	8,378	2,282	2,433	1,849	1,360	353	78	23
2020	강서구	화곡4동	8,911	2,969	2,601	1,797	1,207	281	40	16
2020	강서구	화곡6동	10,793	4,182	2,846	1,982	1,407	297	68	11
2020	강서구	화곡8동	10,639	3,346	3,343	2,167	1,411	299	58	15
2020	강서구	가양1동	18,538	11,023	3,431	2,146	1,535	325	64	14
2020	강서구	가양2동	7,529	3,623	2,274	1,027	470	106	23	6
2020	강서구	가양3동	7,457	2,925	2,553	1,289	551	117	22	X
2020	강서구	발산1동	12,733	2,152	3,244	3,204	3,239	740	123	31
2020	강서구	공항동	11,435	4,329	2,906	2,118	1,618	376	78	10
2020	강서구	방화1동	16,186	3,791	4,239	3,807	3,347	833	139	30
2020	강서구	방화2동	10,212	4,206	2,791	1,722	1,111	290	76	16
2020	강서구	방화3동	10,364	3,815	3,142	1,898	1,191	253	49	16
2020	강서구	화곡1동	24,434	10,238	6,761	4,277	2,502	514	114	28
2020	강서구	우장산동	14,943	2,826	3,547	3,873	3,828	708	128	33
2020	구로구	소계	164,083	50,971	45,518	34,645	25,747	5,756	1,160	286
2020	구로구	신도림동	12,727	2,324	3,286	3,478	2,969	552	100	18
2020	구로구	구로1동	7,913	1,822	2,079	1,929	1,707	308	61	7
2020	구로구	구로3동	12,041	6,197	2,625	1,688	1,198	261	49	23
2020	구로구	구로4동	9,426	3,764	2,750	1,681	984	195	37	15
2020	구로구	구로5동	13,234	5,350	3,468	2,366	1,612	344	75	19
2020	구로구	고척1동	8,802	2,216	2,481	1,992	1,683	342	77	11
2020	구로구	고척2동	10,676	2,916	2,989	2,341	1,919	395	94	22
2020	구로구	개봉2동	11,718	2,373	3,521	3,004	2,208	480	110	22
2020	구로구	개봉3동	8,073	1,860	2,565	1,944	1,340	294	58	12
2020	구로구	오류1동	10,547	4,624	2,786	1,710	1,094	263	48	22
2020	구로구	수궁동	9,087	2,086	2,881	2,188	1,463	362	85	22
2020	구로구	가리봉동	4,901	2,849	1,168	518	275	70	15	6
2020	구로구	구로2동	11,189	4,383	3,239	2,021	1,134	318	75	19
2020	구로구	개봉1동	13,401	3,591	4,018	3,040	2,106	521	99	26
2020	구로구	오류2동	14,360	3,258	4,256	3,141	2,767	770	136	32
2020	구로구	항동	5,988	1,358	1,406	1,604	1,288	281	41	10
2020	금천구	소계	103,432	42,334	26,331	18,226	12,863	2,913	592	173
2020	금천구	가산동	14,124	9,775	2,339	1,133	684	156	30	7
2020	금천구	독산1동	19,691	8,983	4,434	3,212	2,431	513	82	36
2020	금천구	독산2동	8,408	3,209	2,287	1,595	1,024	228	52	13
2020	금천구	독산3동	11,071	4,413	3,038	2,024	1,241	271	62	22
2020	금천구	독산4동	6,858	2,608	1,868	1,270	854	202	44	12
2020	금천구	시흥1동	14,439	5,285	3,873	2,758	1,987	431	78	27
2020	금천구	시흥2동	7,825	1,592	2,272	1,872	1,586	386	100	17
2020	금천구	시흥3동	4,372	1,142	1,372	978	684	167	25	X
2020	금천구	시흥4동	8,304	2,417	2,427	1,782	1,297	294	67	20
2020	금천구	시흥5동	8,340	2,910	2,421	1,602	1,075	265	52	15
2020	영등포구	소계	162,391	64,000	40,926	30,371	21,651	4,321	916	206
2020	영등포구	여의동	11,936	2,672	3,355	3,038	2,293	451	102	25
2020	영등포구	당산1동	9,508	4,125	2,441	1,660	1,001	214	57	10
2020	영등포구	당산2동	16,748	7,461	3,698	2,913	2,181	387	88	20
2020	영등포구	양평1동	8,237	3,721	2,154	1,336	816	162	39	9
2020	영등포구	양평2동	9,434	3,391	2,423	1,889	1,415	263	45	8
2020	영등포구	신길1동	9,096	4,995	2,004	1,164	715	172	35	11
2020	영등포구	신길3동	6,861	2,205	1,825	1,484	1,076	228	36	7
2020	영등포구	신길4동	4,267	1,475	1,187	863	594	124	20	X
2020	영등포구	신길5동	4,422	1,386	1,227	950	677	149	28	5
2020	영등포구	신길6동	7,618	2,980	1,967	1,480	938	197	40	16
2020	영등포구	신길7동	7,222	1,599	1,843	1,797	1,615	302	60	6
2020	영등포구	대림1동	6,331	2,269	1,760	1,217	869	169	39	8
2020	영등포구	대림2동	6,066	2,783	1,658	941	527	109	36	12
2020	영등포구	대림3동	9,510	2,970	2,771	2,030	1,359	288	78	14
2020	영등포구	영등포본동	8,942	3,226	2,257	1,781	1,335	284	42	17
2020	영등포구	영등포동	15,539	10,170	2,843	1,444	865	173	34	10
2020	영등포구	도림동	8,474	3,625	2,297	1,405	886	207	44	10
2020	영등포구	문래동	12,180	2,947	3,216	2,979	2,489	442	93	14
2020	동작구	소계	167,766	64,101	41,489	31,918	23,829	5,153	1,044	232
2020	동작구	노량진2동	6,087	3,064	1,523	836	502	132	28	X
2020	동작구	상도1동	20,167	8,604	4,448	3,680	2,764	554	92	25
2020	동작구	상도2동	11,504	4,013	2,877	2,327	1,823	379	70	15
2020	동작구	상도3동	10,902	4,214	2,847	2,004	1,421	319	75	22
2020	동작구	상도4동	12,480	4,618	3,266	2,405	1,712	385	75	19
2020	동작구	사당1동	12,050	6,345	2,892	1,571	976	216	37	13
2020	동작구	사당3동	9,522	2,583	2,578	2,244	1,674	351	74	18
2020	동작구	사당4동	6,514	2,651	1,680	1,155	826	168	30	X
2020	동작구	사당5동	6,092	2,007	1,639	1,330	892	178	41	5
2020	동작구	대방동	16,071	6,011	3,524	3,083	2,746	573	107	27
2020	동작구	신대방1동	9,439	3,128	2,203	1,920	1,732	361	81	14
2020	동작구	신대방2동	8,792	3,672	1,943	1,513	1,278	303	67	16
2020	동작구	흑석동	13,411	4,562	3,299	2,886	2,082	459	108	15
2020	동작구	노량진1동	14,048	5,604	3,562	2,550	1,803	418	89	22
2020	동작구	사당2동	10,687	3,025	3,208	2,414	1,598	357	70	15
2020	관악구	소계	248,959	129,233	56,162	33,671	23,251	5,263	1,130	249
2020	관악구	보라매동	11,517	5,182	2,885	1,806	1,274	298	65	7
2020	관악구	청림동	5,928	1,403	1,805	1,466	998	189	53	14
2020	관악구	행운동	16,390	9,674	3,386	1,807	1,170	285	61	7
2020	관악구	낙성대동	9,831	6,341	1,856	894	556	148	27	9
2020	관악구	중앙동	8,882	5,565	1,798	827	530	133	22	7
2020	관악구	인헌동	13,186	6,776	2,981	1,797	1,273	295	46	18
2020	관악구	남현동	8,579	3,855	2,226	1,348	901	197	40	12
2020	관악구	서원동	12,921	7,607	2,949	1,388	742	176	49	10
2020	관악구	신원동	9,916	5,505	2,382	1,137	720	130	34	8
2020	관악구	서림동	12,967	7,735	2,661	1,391	891	228	44	17
2020	관악구	신사동	12,500	7,282	2,547	1,487	942	185	43	14
2020	관악구	신림동	15,529	11,942	2,439	714	334	81	16	X
2020	관악구	난향동	5,737	1,354	1,594	1,336	1,100	263	73	17
2020	관악구	조원동	9,537	5,581	2,004	1,053	696	165	33	5
2020	관악구	대학동	14,109	9,718	2,197	1,239	734	172	43	6
2020	관악구	은천동	14,837	5,723	3,860	2,668	2,015	439	113	19
2020	관악구	성현동	11,561	3,082	3,139	2,637	2,151	458	82	12
2020	관악구	청룡동	20,739	13,435	3,771	1,841	1,351	284	43	14
2020	관악구	난곡동	11,724	4,155	3,289	2,262	1,575	335	88	20
2020	관악구	삼성동	9,806	3,132	2,935	1,958	1,368	336	64	13
2020	관악구	미성동	12,763	4,186	3,458	2,615	1,930	466	91	17
2020	서초구	소계	156,123	43,942	38,867	34,840	30,091	6,593	1,412	378
2020	서초구	서초1동	8,498	3,203	2,036	1,600	1,271	277	89	22
2020	서초구	서초2동	8,331	3,238	1,950	1,572	1,261	237	55	18
2020	서초구	서초3동	12,928	4,851	3,292	2,424	1,823	411	97	30
2020	서초구	서초4동	10,007	1,529	2,260	2,724	2,864	513	94	23
2020	서초구	잠원동	10,352	2,809	2,363	2,511	2,195	387	65	22
2020	서초구	반포본동	3,601	354	938	1,049	1,022	184	50	X
2020	서초구	반포1동	12,977	5,087	2,498	2,408	2,337	504	109	34
2020	서초구	반포2동	4,591	314	924	1,323	1,561	386	72	11
2020	서초구	반포3동	7,036	910	1,671	2,105	1,928	354	56	12
2020	서초구	반포4동	6,404	1,110	1,685	1,785	1,411	326	68	19
2020	서초구	방배본동	7,308	1,683	1,779	1,724	1,651	372	81	18
2020	서초구	방배1동	6,973	2,318	1,952	1,404	1,013	222	46	18
2020	서초구	방배2동	7,708	2,182	2,265	1,675	1,223	289	59	15
2020	서초구	방배3동	7,407	1,472	2,128	1,909	1,519	293	65	21
2020	서초구	방배4동	8,917	2,585	2,243	1,904	1,714	375	72	24
2020	서초구	양재1동	16,746	4,776	4,394	3,568	2,881	883	194	50
2020	서초구	양재2동	9,715	3,938	2,522	1,618	1,256	304	60	17
2020	서초구	내곡동	6,624	1,583	1,967	1,537	1,161	276	80	20
2020	강남구	소계	208,833	68,999	51,531	42,703	36,286	7,517	1,436	361
2020	강남구	신사동	6,407	2,047	1,744	1,343	986	219	52	16
2020	강남구	논현1동	12,277	7,121	2,983	1,242	705	175	39	12
2020	강남구	논현2동	10,079	4,618	2,608	1,590	996	199	56	12
2020	강남구	삼성1동	4,975	1,433	1,380	1,078	824	211	34	15
2020	강남구	삼성2동	11,869	4,236	2,765	2,329	2,043	389	88	19
2020	강남구	대치1동	6,986	350	1,147	2,101	2,760	520	83	25
2020	강남구	대치4동	9,237	4,269	2,117	1,450	1,111	231	51	8
2020	강남구	역삼1동	20,356	12,735	4,551	1,763	995	244	50	18
2020	강남구	역삼2동	13,846	4,735	2,712	2,924	2,837	525	94	19
2020	강남구	도곡1동	7,782	1,872	1,871	1,933	1,707	310	69	20
2020	강남구	도곡2동	10,773	1,408	2,676	3,076	2,961	551	85	16
2020	강남구	개포1동	2,328	550	654	528	474	95	23	X
2020	강남구	개포4동	7,798	2,280	2,095	1,717	1,371	273	49	13
2020	강남구	일원본동	7,486	923	1,765	2,119	2,196	411	60	12
2020	강남구	일원1동	6,789	2,631	1,839	1,214	846	196	52	11
2020	강남구	일원2동	6,874	1,927	1,899	1,611	1,205	206	24	X
2020	강남구	수서동	7,377	3,083	2,453	1,141	544	128	23	5
2020	강남구	세곡동	16,739	4,891	4,233	3,376	3,042	933	204	60
2020	강남구	압구정동	9,202	1,822	2,676	2,384	1,817	404	79	20
2020	강남구	청담동	10,254	3,203	2,715	2,211	1,628	384	87	26
2020	강남구	대치2동	11,972	1,807	2,567	3,426	3,446	623	85	18
2020	강남구	개포2동	7,427	1,058	2,081	2,147	1,792	290	49	10
2020	송파구	소계	255,766	73,694	66,503	57,189	46,703	9,457	1,803	417
2020	송파구	풍납1동	5,776	1,869	1,655	1,172	854	171	45	10
2020	송파구	풍납2동	9,807	2,880	2,485	2,345	1,672	338	75	12
2020	송파구	거여1동	5,022	1,396	1,455	1,096	848	172	39	16
2020	송파구	거여2동	6,811	1,883	2,056	1,516	1,081	231	34	10
2020	송파구	마천1동	7,899	2,403	2,291	1,607	1,164	354	60	20
2020	송파구	마천2동	7,786	2,296	2,385	1,656	1,104	265	62	18
2020	송파구	방이1동	5,752	1,381	1,383	1,386	1,275	251	60	16
2020	송파구	방이2동	13,074	6,641	3,137	1,826	1,177	232	53	8
2020	송파구	오륜동	5,498	361	1,269	1,745	1,705	359	48	11
2020	송파구	오금동	14,344	3,077	4,095	3,616	2,799	605	128	24
2020	송파구	송파1동	11,283	4,706	3,041	1,898	1,263	304	57	14
2020	송파구	송파2동	6,985	1,242	1,808	1,833	1,693	340	59	10
2020	송파구	석촌동	15,316	6,716	4,047	2,511	1,609	333	78	22
2020	송파구	삼전동	14,526	6,327	3,740	2,417	1,613	350	61	18
2020	송파구	가락본동	10,576	3,173	2,907	2,292	1,737	387	63	17
2020	송파구	가락1동	9,534	1,255	2,791	2,785	2,281	355	59	8
2020	송파구	가락2동	11,482	2,272	2,817	3,087	2,716	468	98	24
2020	송파구	문정1동	7,854	2,134	2,103	1,754	1,499	284	63	17
2020	송파구	문정2동	14,590	7,515	3,321	1,991	1,440	251	58	14
2020	송파구	잠실본동	13,850	6,559	3,414	2,123	1,391	296	53	14
2020	송파구	잠실4동	6,766	669	1,573	2,129	1,988	335	58	14
2020	송파구	잠실6동	5,446	577	1,523	1,617	1,359	285	67	18
2020	송파구	잠실7동	3,156	302	980	961	739	147	21	6
2020	송파구	잠실2동	10,998	1,160	2,117	3,152	3,848	598	105	18
2020	송파구	잠실3동	11,186	1,116	2,930	3,443	3,027	563	85	22
2020	송파구	장지동	11,408	2,747	3,237	2,729	2,106	486	92	11
2020	송파구	위례동	9,041	1,037	1,943	2,502	2,715	697	122	25
2020	강동구	소계	177,148	50,316	47,740	39,449	31,456	6,659	1,242	286
2020	강동구	강일동	11,277	2,081	3,046	2,542	2,572	861	150	25
2020	강동구	상일동	10,984	1,441	2,834	3,130	2,938	555	77	9
2020	강동구	명일1동	9,315	1,698	2,646	2,523	2,001	371	64	12
2020	강동구	명일2동	5,536	763	1,238	1,511	1,638	317	53	16
2020	강동구	고덕1동	8,352	1,143	1,701	2,416	2,546	450	80	16
2020	강동구	고덕2동	8,108	1,730	2,175	2,093	1,770	291	45	X
2020	강동구	암사2동	5,903	1,481	1,671	1,452	1,040	214	39	6
2020	강동구	암사3동	5,881	707	1,488	1,698	1,580	336	52	20
2020	강동구	천호1동	11,401	3,749	3,350	2,323	1,546	343	80	10
2020	강동구	천호3동	12,312	5,205	3,444	2,034	1,283	267	63	16
2020	강동구	성내1동	7,513	1,808	2,038	1,894	1,433	273	51	16
2020	강동구	성내2동	11,418	5,143	3,028	1,845	1,081	247	63	11
2020	강동구	성내3동	9,554	3,134	2,613	1,976	1,442	318	54	17
2020	강동구	둔촌1동	13	6	X	X	X	X	X	X
2020	강동구	둔촌2동	9,940	2,389	2,763	2,407	1,924	380	61	16
2020	강동구	암사1동	14,431	4,551	4,008	3,064	2,229	464	89	26
2020	강동구	천호2동	15,701	6,378	4,433	2,689	1,710	380	84	27
2020	강동구	길동	19,509	6,909	5,261	3,850	2,722	592	136	39